,K1,K14,K15,K2,K3,K4,K5,K7,LANA,Orf10,Orf11,Orf16,Orf17,Orf18,Orf20,Orf21,Orf22,Orf23,Orf24,Orf25,Orf26,Orf27,Orf29,Orf30,Orf32,Orf34,Orf36,Orf37,Orf39,Orf4,Orf40,Orf42,Orf43,Orf44,Orf45,Orf46,Orf47,Orf48,Orf49,Orf50,Orf52,Orf54,Orf55,Orf56,Orf57,Orf58,Orf59,Orf6,Orf60,Orf61,Orf62,Orf63,Orf65,Orf66,Orf67,Orf68,Orf69,Orf7,Orf70,Orf8,Orf9,vIRF1,vIRF2,vIRF4
K1,1.0,0.4313967292862621,0.08973508488485861,0.27101734377281894,0.18478118893134846,0.2909180414338175,0.3737607044634341,0.31381115334906484,0.340166790744407,0.37007163728568965,0.42115636913305304,0.1882086415294279,0.4160183524318309,0.2838725548395561,0.2991563185818884,0.06725239829591995,0.06413261028741932,0.3832151123515093,0.08251111760613784,0.22757832515116413,0.23952406486789848,0.38554630932425327,0.21260578115044068,0.28046406065756374,0.24540183673882393,0.31135590920551226,0.07334476775852135,0.2202666910436954,-0.10439810325133256,0.3408315141995608,0.21911374339171585,0.20937484678341736,0.2858195705342172,0.2538045393370766,0.16892197339804177,0.3029044142179864,0.3438923491810007,0.2472821290730336,0.39123348360268845,0.1172646511152281,0.13067696321056477,0.1408616800517653,0.06458509519220273,0.12495493766508511,0.19610947743501883,0.3033088645331661,0.36985007103986783,0.41903797656026187,0.1776920391885111,0.2698205452452177,0.19589306072130924,0.04325890623891807,0.03444022526747159,0.14519658730360954,0.24852797209307836,-0.018085292344402645,0.2513067521195829,0.3969039854579083,0.23842177820959684,0.39881611246667564,0.47025813871007294,0.2292425468671179,0.21174713461747427,0.22368589463074218
K14,0.4313967292862621,1.0,0.5579892420920214,0.5947868501871402,0.5207120638734015,0.5073009675980379,0.4436785921111278,0.6095721050694113,0.76979414107414,0.6119605478444698,0.7611186169824211,0.6433746990467197,0.5929030444436963,0.29927292533626926,0.561685369146246,0.04705301689356348,0.4208346744103842,0.6526204295009209,0.4806276901385003,0.5726003828177736,0.3245509150800325,0.6365566563479121,0.5818152500723713,0.5898956390743181,0.5464108782952837,0.5747099616694078,0.2531868948224181,0.5875211822279627,0.4105250489603996,0.6596272023327348,0.6877145372894846,0.7033660750278808,0.7361252156865223,0.7344360636648553,0.6963921019727086,0.485054309864194,0.6285792324436438,0.6652501516108632,0.6429733148984277,0.6308666278260289,0.5255107683954465,0.5762077789303499,0.5308192676324137,0.5168632226502712,0.7059319605301935,0.6301219646665158,0.5594791892943786,0.6246532643721622,0.5961144535147219,0.7311293196315288,0.6236123538173839,0.5476048411706662,0.4685946548255285,0.6858120289164149,0.6277065172516356,0.3605111317563425,0.7159679089957122,0.6349142204021112,0.45512377958094413,0.626741630882386,0.5999657881089366,0.7519960310183461,0.5289352702319166,0.6878824934291586
K15,0.08973508488485861,0.5579892420920214,1.0,0.39821891942139004,0.1449643025458015,0.1129214168940131,0.009891747363491977,0.33820438199183295,0.7400321546598806,0.3336657238874292,0.32182691056090534,0.2471167907587834,0.13223569113334438,0.027136842055195416,0.11084314729381158,-0.06733734439426921,0.23117351255223667,0.27457922066174234,0.09821118174852156,0.13190932238321323,0.26233734074473103,0.2036046240206361,0.22231555253999202,0.19160993770804005,0.29019289678035676,0.2538448688155445,0.13394688710827982,0.3117787878694573,0.25573385160392026,0.30550215169905237,0.4017026989284283,0.5399229454498067,0.48807870757210553,0.5068224477266041,0.6059116084003853,0.5838959769928359,0.5126144304098351,0.6853056650212171,0.6013011973497145,0.6848283097807081,0.6962829547463882,0.5963692176839436,0.7990496482788728,0.7953129225139702,0.7055215887548343,0.4652820725996021,0.4837019358122949,0.35580682470837816,0.5338215838171326,0.6049188357654518,0.6026908051179383,0.6647948681153111,0.4814767399465632,0.6168235310714779,0.432646871776993,0.7150668206481974,0.829517870757507,0.35993990900552314,0.15664324597601936,0.31360839589509515,0.2081436475148224,0.6395929147488129,0.47285482968028236,0.5277376571294131
K2,0.27101734377281894,0.5947868501871402,0.39821891942139004,1.0,0.5801999213459855,0.6347415662598909,0.6136329637499528,0.7716470257663596,0.717502720436055,0.840890731230897,0.7668617409476737,0.6357894029334026,0.6544587415871854,0.21767387861714899,0.5791728806557603,0.28132433451140904,0.5980256599321417,0.6445707612633786,0.47758955083845883,0.615387630894211,0.6801342796613521,0.745992337792239,0.6499691115475991,0.6588982240125104,0.7606638399986982,0.7427278261289703,0.36430260146351084,0.8271961974243237,0.6087185781236756,0.7148263493240596,0.5749435622006456,0.6644374446631799,0.6878226512043378,0.7617417409021189,0.762315681288438,0.505006359658859,0.6320603995270748,0.6994682356678533,0.5459797828567156,0.5669608200642995,0.563969130665421,0.4027904387314975,0.4212401273986329,0.4111222366746401,0.5867471395704376,0.7790221435414966,0.6833497016298719,0.7613960593504315,0.7050894669141003,0.7528299817031581,0.7254956151198353,0.42670218852646014,0.5889176301729485,0.6019312441913376,0.6672909346361152,0.190407451106799,0.7082078314818212,0.7084059070217829,0.594476596565823,0.8418206124443189,0.7385122455048976,0.5919257474381746,0.3675303039528961,0.7418723465224495
K3,0.18478118893134846,0.5207120638734015,0.1449643025458015,0.5801999213459855,1.0,0.8376066616205634,0.593356212625288,0.6571841310711883,0.4130234597513242,0.6842006379702931,0.6175408188675106,0.6739916344556445,0.6967554985575465,0.3446349748007601,0.6935699335854499,0.2849538718231928,0.6784377355437616,0.6868963865330484,0.7061208477709411,0.7997971423501337,0.4831239203024566,0.7091845934592106,0.5599999867405279,0.8076817730398457,0.5569397443944453,0.6958518719660166,0.4883115213771754,0.7269161110800655,0.6057039275604015,0.4584714448503522,0.4147369637152504,0.5439934283492243,0.5938543355296623,0.6507167249641174,0.5602198636595042,0.2608363685626281,0.6390361418320162,0.5957634797764598,0.5140089216778324,0.5214103778354272,0.4628317193401422,0.27542658642192797,0.29754031769672545,0.3007146092030111,0.4471146217403804,0.6232985495859497,0.5749194241096341,0.6695334875224305,0.5129216112726326,0.6084298563552683,0.6443961877350959,0.30540460204630593,0.5370644203990487,0.5395145485737133,0.5968275556340611,-0.019912187355914907,0.37566555255116874,0.49243050351868983,0.8331617527279925,0.5454473457317893,0.6333808275142186,0.5081085892013082,0.29356557520055393,0.6551021472333519
K4,0.2909180414338175,0.5073009675980379,0.1129214168940131,0.6347415662598909,0.8376066616205634,1.0,0.49080887720339533,0.6818178822015444,0.40803605270943505,0.7251722870207026,0.6165893178474259,0.6255602256722211,0.6985263298362955,0.30777429308009785,0.7582864401729505,0.19241768404191112,0.7229587498688038,0.6542868778557909,0.5453104903540602,0.7711380501176275,0.55459363708537,0.7555067417946806,0.5252239868671429,0.7104003674763236,0.5567784414144074,0.612434020773847,0.4618748560563292,0.6662424788307875,0.6032903246052158,0.48037972486719027,0.3376003440336984,0.4899893144084371,0.5756623979938224,0.65017365392332,0.5449739699607856,0.23965569412178608,0.6199623833878519,0.5717682461573139,0.5600436861653553,0.4488392872341037,0.48704719986816675,0.21989297343291317,0.26452686039754303,0.334362745042085,0.39442611940501526,0.6268553491797614,0.604735106033247,0.6911132609264846,0.49704442567585616,0.5521201894261724,0.6288613930866025,0.22628239878003178,0.5151766188923592,0.5167290207492188,0.520241860955341,-0.06797271647848346,0.3902705699698126,0.4713567817435278,0.8758302621063291,0.6020377743674843,0.6500088709126419,0.479244329980471,0.35358867234809144,0.6780207722718826
K5,0.3737607044634341,0.4436785921111278,0.009891747363491977,0.6136329637499528,0.593356212625288,0.49080887720339533,1.0,0.5841869379111946,0.43836574541714096,0.5923032329842236,0.6598905459892529,0.5019440338682866,0.636078740940741,0.30386600734590447,0.544488709361078,0.3505147399768821,0.40855418547076355,0.50797036794387,0.5235926705328269,0.5438183790831254,0.5134221121103136,0.5897229855315772,0.5951815631153854,0.5636461191398721,0.6571684054231272,0.5265600419607726,0.305230724479871,0.534771831774862,0.4318916190235375,0.566657226771489,0.48606602831669443,0.3920477031297556,0.36180518940817746,0.5093830008614793,0.36964868826888114,0.3046367695217604,0.2800776610230263,0.2955168494458023,0.2711452290798728,0.2964545341456812,0.20417439662394996,0.15257508959129984,0.06652314465688186,0.05482828932864823,0.30082244976231826,0.4931938405065567,0.4203167469859702,0.6657905941271169,0.3875941527062821,0.4525480054557029,0.480156507375264,0.0677597840017863,0.21530204684612153,0.2118140985352816,0.46417459048024584,-0.014719176908935106,0.37169287844718135,0.5519547972295303,0.4645273151823358,0.5740243435072153,0.6247431577640054,0.25716173828560246,0.0681395167312396,0.3584969382252051
K7,0.31381115334906484,0.6095721050694113,0.33820438199183295,0.7716470257663596,0.6571841310711883,0.6818178822015444,0.5841869379111946,1.0,0.720817329821821,0.8600075521778852,0.7888842935184248,0.6914005028689513,0.719577048106454,0.3945360178192814,0.7038494188067611,0.1327556774120563,0.5503173555328184,0.7217430502349019,0.5474562615739812,0.6354236508287155,0.6541488771513528,0.7963890236550059,0.590046072330805,0.6803029947678652,0.6831934502709688,0.6614681078938083,0.3663991034558076,0.7922983302723777,0.6009425206297825,0.7310525561319539,0.5564880910242888,0.5690646894889453,0.5907849774125685,0.7528813567980732,0.7741035398979997,0.41044874073028736,0.5806828934726113,0.689377321637995,0.5724947215487668,0.5504325805611366,0.45876786527445546,0.2511040644513977,0.4335952710361305,0.3941552556358063,0.5642234440379849,0.8074176980041964,0.6392888553459946,0.872010723776619,0.6463480313119778,0.5971619034633631,0.6527891838484673,0.35363322013755333,0.519559190230043,0.5808856384849985,0.5877593036938374,-0.00013872892892670302,0.6188200370517462,0.7447089474585612,0.6254534018331619,0.7113492068857177,0.750594996010196,0.49778872744810626,0.33500780149424847,0.6210581533436523
LANA,0.340166790744407,0.76979414107414,0.7400321546598806,0.717502720436055,0.4130234597513242,0.40803605270943505,0.43836574541714096,0.720817329821821,1.0,0.6555114993526944,0.7108202762219511,0.5446784963474391,0.5104227678369051,0.25734342410862615,0.4587028007875142,0.15019820427374458,0.45518372310064353,0.5606163164645609,0.35653160070586665,0.46943968466864094,0.4802898408258012,0.5017623628994426,0.48188801313100776,0.48848287590340017,0.5890447674108064,0.5998794198647833,0.2342757533014437,0.6406827583275421,0.3699206065727547,0.6781982234717793,0.6208458591556516,0.673766708790938,0.6081475457542189,0.7414966912939699,0.729484720232299,0.558393758069479,0.6535774610896907,0.7540738681481408,0.685391232066895,0.6954452598968831,0.642935849603306,0.5318263125712221,0.702288213677144,0.6181858193989743,0.7857285191342204,0.755409105875466,0.6642189264669782,0.6875269968408543,0.66037858110608,0.7315279962613163,0.7019741076355026,0.6100808930335729,0.5087999040230763,0.7059753690032892,0.6486218923359423,0.44379624898914194,0.8918919465195104,0.681898778725924,0.372091027389631,0.6263392384635861,0.5599527347445677,0.6974912208113833,0.4879660881359409,0.6614058196090151
Orf10,0.37007163728568965,0.6119605478444698,0.3336657238874292,0.840890731230897,0.6842006379702931,0.7251722870207026,0.5923032329842236,0.8600075521778852,0.6555114993526944,1.0,0.7751153023659201,0.7456144758215026,0.787136924788184,0.41020623675543916,0.8027889666509566,0.15699172151366067,0.6216378715712149,0.8515608233052648,0.6185624412708001,0.7854051702573615,0.7165050437328779,0.8732934829588569,0.6644211285890014,0.7910285492730064,0.7467643052359535,0.8057438535868932,0.3752110798764345,0.7351965528800963,0.6766168868684754,0.7413507670721825,0.5788376697720379,0.7130397282164957,0.7495284963147048,0.7529686999586204,0.7582611172709187,0.5379368486791225,0.7228889410628292,0.76471731614643,0.6565270610912696,0.6523982526754017,0.6050507559187284,0.35409742284974677,0.43553882814954736,0.39430452497252977,0.5467482917268754,0.8272190229097897,0.707300444313238,0.9120500225613147,0.6166551167967077,0.6809605710362244,0.712513567558892,0.3956899932359687,0.546732108856294,0.6068047776435918,0.6870490732374691,0.0525589538456464,0.60844007444699,0.8233261552206508,0.6597241842184474,0.8507590983185312,0.8352495715367545,0.5745677121917612,0.3076168745262017,0.7408049713584216
Orf11,0.42115636913305304,0.7611186169824211,0.32182691056090534,0.7668617409476737,0.6175408188675106,0.6165893178474259,0.6598905459892529,0.7888842935184248,0.7108202762219511,0.7751153023659201,1.0,0.6275180415731852,0.7054284855186012,0.3242096837431894,0.6333875448140338,0.26194984437512037,0.5249920666236876,0.7120184614834764,0.5118916146260187,0.6384771096406652,0.6193392459146614,0.7571161855701997,0.6187841636540787,0.6307261910108312,0.7076693917009497,0.675233844204667,0.28114149886673784,0.7764500021824934,0.5419084723886609,0.6877704460741797,0.576479371924118,0.6435451552257951,0.5772046677722628,0.6793574278429731,0.631100630067991,0.5038745422712451,0.6068541357498946,0.6448755383112627,0.5991920118899414,0.510227309548029,0.43264534641474034,0.33014904888940105,0.3557893806667377,0.2874083833722658,0.5199677352616274,0.7572714906944373,0.6336927742829797,0.8148427515091615,0.6467894972943059,0.6850884913907613,0.6217366158260851,0.3343322396193564,0.3649779633703303,0.5505920905744867,0.5724175078091877,0.09267785418788915,0.6259371392568747,0.7368912500084596,0.5119036789331415,0.7525969238455084,0.7444404588038704,0.5759478202376278,0.39363311525381633,0.6470184292746516
Orf16,0.1882086415294279,0.6433746990467197,0.2471167907587834,0.6357894029334026,0.6739916344556445,0.6255602256722211,0.5019440338682866,0.6914005028689513,0.5446784963474391,0.7456144758215026,0.6275180415731852,1.0,0.8117935468196142,0.3390439671101268,0.8122357982076058,0.1199657479722223,0.702164215949747,0.8535488949265366,0.7704832762273329,0.7524739803306646,0.5281914916224782,0.6371716003646216,0.7665589375921373,0.7288699792535728,0.678501459035885,0.7864302084224922,0.2118533896406067,0.6427738951960688,0.608438244624015,0.7053092748499972,0.7260351243229197,0.7869568825600761,0.7321140234802234,0.8103370499857736,0.642740806276382,0.3497982192495713,0.6199419879347787,0.6266901727257025,0.4997012857956368,0.6037900545967118,0.4832551767771562,0.5581633154958773,0.34863702503888666,0.4456384613176917,0.4736568756613202,0.6278606205495934,0.518334939028067,0.6870377371745097,0.5468345913807179,0.6544051501390761,0.6836204935888519,0.3766859606458936,0.5857132392177894,0.5882338103306818,0.6755137125474235,0.12359577155957863,0.5363369144976962,0.7294437247436729,0.5103245822841148,0.6685721740904329,0.6527682145788488,0.6585713073823221,0.4275129221346151,0.6654202321475685
Orf17,0.4160183524318309,0.5929030444436963,0.13223569113334438,0.6544587415871854,0.6967554985575465,0.6985263298362955,0.636078740940741,0.719577048106454,0.5104227678369051,0.787136924788184,0.7054284855186012,0.8117935468196142,1.0,0.2060427930074467,0.7352288869026963,0.3066940384942863,0.5376315868930894,0.7635554674380989,0.7194840343136891,0.7386962524756969,0.588298159349284,0.6518177663955846,0.722870204019355,0.7336605286821092,0.7396864597532034,0.8350050479233543,0.43559189612920063,0.7355277830464207,0.6085665924732604,0.5899739867187143,0.5271273428096875,0.6882965502705013,0.6550935951077442,0.6862105772375361,0.5964926629251079,0.31470369807746007,0.5461556876517214,0.557163808441212,0.39755512200670856,0.524100239486226,0.35515847776048104,0.28495995352503245,0.20470625107987142,0.2078619829354365,0.4473816626120443,0.6770113225174114,0.5229480302215873,0.7330002335107151,0.5131634044022796,0.5588334434707359,0.510342700507079,0.11370463304232177,0.403629374730601,0.39947777517253824,0.5416874266068386,-0.1180196133507852,0.4693888908814854,0.693960334686106,0.6153583885837894,0.610398831481369,0.6626299934228757,0.5030281940430981,0.22701976343287217,0.5754997955533327
Orf18,0.2838725548395561,0.29927292533626926,0.027136842055195416,0.21767387861714899,0.3446349748007601,0.30777429308009785,0.30386600734590447,0.3945360178192814,0.25734342410862615,0.41020623675543916,0.3242096837431894,0.3390439671101268,0.2060427930074467,1.0,0.5404402533081686,0.035981745088040966,0.40578540362863824,0.5412543158003917,0.30659206530243016,0.44800898352758867,0.25394069984361756,0.47306676367980016,0.07765117871693492,0.522609609631989,0.2310859021133015,0.3348174068316586,0.0149648547526596,0.17759018846248392,0.028823759942039177,0.36748991788681473,0.21653587987168169,0.2242211144821217,0.3224804546574647,0.2989913827193838,0.27498940467393074,0.31828043990763316,0.40917320283596115,0.3136920172860893,0.43981236916529626,0.15772356233543033,0.30565857082031656,0.22911932047401848,0.2212046578478211,0.2747869724570491,0.23493676383061218,0.2922647663924646,0.21522123764254886,0.4028437432932133,0.11455548638638258,0.17615490216866964,0.40656617460293276,0.26589387546641535,0.1424772070673592,0.23885760959694272,0.2637511464340405,0.016524827412127418,0.12070683787062851,0.39698166585882005,0.15933254310890332,0.32515366286161923,0.40252751735261855,0.26315642273534623,0.27909228371170147,0.2748523279293114
Orf20,0.2991563185818884,0.561685369146246,0.11084314729381158,0.5791728806557603,0.6935699335854499,0.7582864401729505,0.544488709361078,0.7038494188067611,0.4587028007875142,0.8027889666509566,0.6333875448140338,0.8122357982076058,0.7352288869026963,0.5404402533081686,1.0,0.08199789833388063,0.6836014556590739,0.8573964521615196,0.7280856391125515,0.8516422842229502,0.511949254284697,0.7862068146754694,0.6280049049836703,0.706025676729905,0.5770101068312816,0.713916133787368,0.1513226603313674,0.5515377794862136,0.5493500739402969,0.7028753599073513,0.6280773490170809,0.627400644597501,0.7153324456413959,0.7048118115607966,0.5791903897409875,0.3896813160140595,0.6362697028509101,0.6317907455919967,0.6603000657429609,0.5171787085571733,0.5241974297819761,0.4101158058577445,0.3670122559519197,0.35453033346117857,0.43291720299674324,0.6893944649818756,0.5943948165097301,0.7701817766348136,0.5220407311468489,0.5502097555826246,0.677530711014791,0.3624142703957761,0.48764364593371606,0.5740518719406272,0.6145203375780551,0.028668286268815363,0.4304190543328911,0.7373058495783217,0.5684268466389243,0.7054159313614229,0.7200006570041817,0.5562452207277644,0.3720917537088577,0.6505894768582016
Orf21,0.06725239829591995,0.04705301689356348,-0.06733734439426921,0.28132433451140904,0.2849538718231928,0.19241768404191112,0.3505147399768821,0.1327556774120563,0.15019820427374458,0.15699172151366067,0.26194984437512037,0.1199657479722223,0.3066940384942863,0.035981745088040966,0.08199789833388063,1.0,0.3870704650247095,0.08403361345946443,0.34491636412004645,0.2682398330859549,0.37706321149332706,0.1948809931533815,0.346108728163004,0.2714025082035345,0.5484429650663315,0.3142878292143799,0.15924635134127707,0.2709505734702083,0.2908731352794657,0.027957149630950376,0.2370868536502879,0.20452326231858264,0.08353037677325673,0.26644348384373784,0.07894532476443249,0.19372831932856516,0.09536350192224924,-0.04654759767006608,0.003375963718570738,-0.046421509358525424,0.13486964407556354,-0.03598249449687393,-0.11083670349081853,-0.10471082170512239,0.05300268926870947,0.21643587754793164,0.2136543484710892,0.10000454785287491,0.11809786869047632,0.18484589035933388,0.14140749025123953,0.04009562422257332,0.1604541430796833,0.08627366128680845,0.18488084278158995,-0.10107360201787514,0.05554159281241713,0.09254390412308634,0.2918804730898425,0.03975314445320735,0.11530320662190749,0.1220792227388137,-0.014799585499305233,0.15588984802251957
Orf22,0.06413261028741932,0.4208346744103842,0.23117351255223667,0.5980256599321417,0.6784377355437616,0.7229587498688038,0.40855418547076355,0.5503173555328184,0.45518372310064353,0.6216378715712149,0.5249920666236876,0.702164215949747,0.5376315868930894,0.40578540362863824,0.6836014556590739,0.3870704650247095,1.0,0.6636116473163811,0.6125813021252727,0.7531848824256436,0.605384432756578,0.6028558485440141,0.5335921025581839,0.6366890129964358,0.6460356756456271,0.6584042036614012,0.12997358160885406,0.5347016509881166,0.4826156147773262,0.5158084840672121,0.5173308912607669,0.6309363722952979,0.5575963893471008,0.7102046320104557,0.496539695818531,0.3435027999683708,0.6057332697888141,0.5956498795861539,0.6192423850595481,0.45667387746382065,0.6090715953344904,0.5065141833912178,0.3211718344743384,0.49237329730820895,0.4365511025084084,0.6114047437481435,0.6159533137486747,0.6029564873511768,0.47729854830350704,0.6093025234161086,0.7281212015911891,0.4330878594960716,0.590170683231665,0.6327561647528309,0.6105778178007244,0.21280355567429018,0.46064633181908926,0.5507088411557557,0.5951028163562182,0.5498964744203892,0.5910419686983828,0.6203667337804235,0.43335435325676414,0.7028413210449909
Orf23,0.3832151123515093,0.6526204295009209,0.27457922066174234,0.6445707612633786,0.6868963865330484,0.6542868778557909,0.50797036794387,0.7217430502349019,0.5606163164645609,0.8515608233052648,0.7120184614834764,0.8535488949265366,0.7635554674380989,0.5412543158003917,0.8573964521615196,0.08403361345946443,0.6636116473163811,1.0,0.6484811066298746,0.7792498826545736,0.578762248458149,0.7806129954230244,0.6149663950886572,0.7532628505458059,0.640412764797158,0.8185928229666962,0.21966413124567097,0.6605470040494338,0.5561516946958047,0.7250157156037248,0.6366285024987882,0.7810733620868734,0.8232426625124625,0.7458510875326418,0.6702518541551241,0.47443344388781855,0.7509070005247043,0.7209293136529951,0.7026707763771698,0.6177683205708108,0.5436149539175255,0.5243145937123331,0.44879248871508226,0.449442685287863,0.5122519326018609,0.7270513352324135,0.6011429049223873,0.8091929602394697,0.5492658695356698,0.6860032073866348,0.6787396578329582,0.3969507668599654,0.5012227347000218,0.5881866030473356,0.6381157470408558,0.11435502786156872,0.5190217606566362,0.8501044770592695,0.5200362398809693,0.7494537839227537,0.7718927651688602,0.647049971881065,0.48022675300965667,0.7023752227847598
Orf24,0.08251111760613784,0.4806276901385003,0.09821118174852156,0.47758955083845883,0.7061208477709411,0.5453104903540602,0.5235926705328269,0.5474562615739812,0.35653160070586665,0.6185624412708001,0.5118916146260187,0.7704832762273329,0.7194840343136891,0.30659206530243016,0.7280856391125515,0.34491636412004645,0.6125813021252727,0.6484811066298746,1.0,0.8553317273334382,0.40577589160192723,0.5910213173736235,0.7500852856715117,0.7291156409202262,0.7199932664978118,0.6322970568130806,0.15520365987779408,0.5652478211676607,0.6475550918334876,0.5099234065627624,0.6540612238030453,0.6476900865979104,0.642482066878718,0.6775125095733117,0.506371834799353,0.29113497179117054,0.4581047709312277,0.45820757809235685,0.3953187334633448,0.43361401809713407,0.3876237641561539,0.4090578795558191,0.19243065939491022,0.28805251281102184,0.3771338493417102,0.4718222430384491,0.3705460609980669,0.535479584261202,0.39830576724584466,0.5240301523739788,0.5673397753340301,0.33140806046090765,0.4859642021110425,0.45650557711865297,0.5604498777312118,0.0767681199268746,0.34660965994905285,0.5906391120276215,0.5807335380262173,0.41155547013707294,0.48906906522773474,0.504658644806121,0.3320658010706141,0.493908904712002
Orf25,0.22757832515116413,0.5726003828177736,0.13190932238321323,0.615387630894211,0.7997971423501337,0.7711380501176275,0.5438183790831254,0.6354236508287155,0.46943968466864094,0.7854051702573615,0.6384771096406652,0.7524739803306646,0.7386962524756969,0.44800898352758867,0.8516422842229502,0.2682398330859549,0.7531848824256436,0.7792498826545736,0.8553317273334382,1.0,0.47885290082508464,0.7382829313805669,0.6877186378972051,0.8355893200056678,0.7090537686701072,0.764103316084966,0.2775892620834102,0.6284262847174241,0.5992626716511417,0.5685067227830836,0.5963316917099973,0.6408920414905115,0.7169942828742341,0.7047307282875952,0.5360719265237162,0.3374295904612727,0.6457787686008579,0.6208435304982642,0.6049448859633892,0.524623870332407,0.5114444945897176,0.3867195374610077,0.2722942385717765,0.32498742326403257,0.46079150917563355,0.6471435911062446,0.5669307582275974,0.7237099774948128,0.4908914563085187,0.6238068906929515,0.6567526651404604,0.37356262387918854,0.47891936442956057,0.5627729564334217,0.6968096262522927,0.05228871338308747,0.441717820103452,0.7029267076203874,0.7357710779029092,0.6143163554690059,0.6813535996547981,0.5637119634930465,0.3234593973794239,0.6597534738692947
Orf26,0.23952406486789848,0.3245509150800325,0.26233734074473103,0.6801342796613521,0.4831239203024566,0.55459363708537,0.5134221121103136,0.6541488771513528,0.4802898408258012,0.7165050437328779,0.6193392459146614,0.5281914916224782,0.588298159349284,0.25394069984361756,0.511949254284697,0.37706321149332706,0.605384432756578,0.578762248458149,0.40577589160192723,0.47885290082508464,1.0,0.6160936741598888,0.43170453310122814,0.6108947814192348,0.6836345851650165,0.6127823447844113,0.28903758584419903,0.48971298734225904,0.5729124013201693,0.39088828839583606,0.3757910537985733,0.6238034084330323,0.41697551501960567,0.6941121248168729,0.4251929630172119,0.44224124813357757,0.4139984743214072,0.5309371123703411,0.4553348172512041,0.40204464802722906,0.5896343523801313,0.22744372744545074,0.3382861301001281,0.32319809304029257,0.46603541930097864,0.6144249425918539,0.5579113333956471,0.6240261186655993,0.49331438390506355,0.4961341352437434,0.6261690030452812,0.23909846295962978,0.5009678196370376,0.4511739706344035,0.4694016558535133,0.09363882381010918,0.39420938453029275,0.5689308113800926,0.4925487935582384,0.5344546366994974,0.47753541964942303,0.4794179528698051,0.37598263785664016,0.5078199838635504
Orf27,0.38554630932425327,0.6365566563479121,0.2036046240206361,0.745992337792239,0.7091845934592106,0.7555067417946806,0.5897229855315772,0.7963890236550059,0.5017623628994426,0.8732934829588569,0.7571161855701997,0.6371716003646216,0.6518177663955846,0.47306676367980016,0.7862068146754694,0.1948809931533815,0.6028558485440141,0.7806129954230244,0.5910213173736235,0.7382829313805669,0.6160936741598888,1.0,0.6433030006594641,0.7646035471196263,0.6786958481736609,0.605588797862901,0.3332029211415799,0.6585449820378041,0.680611190312064,0.6827025375920075,0.588773253654776,0.5947705463045496,0.7176037030996194,0.7271600301540434,0.6980081790043762,0.4904685488192921,0.6484188703449936,0.6160161492469823,0.6374980685552061,0.4728051461818088,0.5454409355067635,0.3127366547456792,0.3523067482358005,0.3360120656513474,0.46804178511122646,0.7548752402807553,0.6688478701404257,0.8168689381781277,0.6343513521777201,0.6423989962232027,0.6703806669182295,0.3834182227889671,0.5444565567028815,0.6017587296419872,0.5932437438034571,0.04907393400042572,0.4760966013029781,0.658623829890111,0.705042743647326,0.7755353543365291,0.8186447624932828,0.5395834385637069,0.393851375898353,0.7132242864972779
Orf29,0.21260578115044068,0.5818152500723713,0.22231555253999202,0.6499691115475991,0.5599999867405279,0.5252239868671429,0.5951815631153854,0.590046072330805,0.48188801313100776,0.6644211285890014,0.6187841636540787,0.7665589375921373,0.722870204019355,0.07765117871693492,0.6280049049836703,0.346108728163004,0.5335921025581839,0.6149663950886572,0.7500852856715117,0.6877186378972051,0.43170453310122814,0.6433030006594641,1.0,0.5970011888446548,0.8402783707129803,0.5880368912125838,0.1887338787961298,0.5945804883634463,0.7441643583104635,0.5991801721098808,0.7089668580812152,0.6551079508923029,0.5851949743524023,0.6735588953446877,0.5633440400290803,0.3281395068645459,0.5050873893433838,0.45339145326595237,0.38334950142308744,0.42944445630686306,0.3560037014438727,0.44546940823810693,0.16926461002226104,0.2801766820942809,0.34403563117523717,0.5544943298985818,0.5627551043167563,0.6224106709188852,0.5450968926085273,0.669262099511443,0.5766553079669677,0.37241067834234115,0.491973849634969,0.48336086512447196,0.682173000509073,0.10716617793923858,0.5285770398273975,0.6030839653919725,0.582239424477356,0.6284097428003659,0.6665075864882797,0.5093683767717709,0.2862187645995478,0.6054460998037915
Orf30,0.28046406065756374,0.5898956390743181,0.19160993770804005,0.6588982240125104,0.8076817730398457,0.7104003674763236,0.5636461191398721,0.6803029947678652,0.48848287590340017,0.7910285492730064,0.6307261910108312,0.7288699792535728,0.7336605286821092,0.522609609631989,0.706025676729905,0.2714025082035345,0.6366890129964358,0.7532628505458059,0.7291156409202262,0.8355893200056678,0.6108947814192348,0.7646035471196263,0.5970011888446548,1.0,0.6968256303816724,0.759736726461171,0.5374295913579009,0.6287118913162474,0.5859868309015407,0.4651163194897848,0.4936348699045522,0.6396199159092985,0.6876376251477994,0.7455006222806233,0.5720276747458606,0.3980491788870239,0.6458342541424787,0.5925374505536878,0.4721431188878807,0.54078668796947,0.5320789730213655,0.30213969300852694,0.29609316692707455,0.3504817887601879,0.5164625755834877,0.6429240492884158,0.5274195167841754,0.7061724050594937,0.524204186223493,0.6345867641027625,0.6625397647253827,0.3012391610403112,0.5609208514256525,0.5422164533287327,0.6930757605830138,0.058906276119927097,0.4237058700742252,0.6193705462950737,0.744046174696432,0.5619983189264586,0.6692983686614834,0.5674548352268685,0.3237547717138815,0.6429135849423424
Orf32,0.24540183673882393,0.5464108782952837,0.29019289678035676,0.7606638399986982,0.5569397443944453,0.5567784414144074,0.6571684054231272,0.6831934502709688,0.5890447674108064,0.7467643052359535,0.7076693917009497,0.678501459035885,0.7396864597532034,0.2310859021133015,0.5770101068312816,0.5484429650663315,0.6460356756456271,0.640412764797158,0.7199932664978118,0.7090537686701072,0.6836345851650165,0.6786958481736609,0.8402783707129803,0.6968256303816724,1.0,0.6896386519274146,0.30073371743926336,0.6755074238598862,0.7242367451836353,0.5833164034773052,0.6836919087209617,0.6611920782579849,0.6071848525423699,0.7353681351471044,0.5944598314598414,0.4012466752501179,0.4793820461188911,0.5087996827744878,0.44565106816408473,0.43761355928423196,0.4321701549602023,0.40282358841147053,0.2095838795553754,0.3279509361625822,0.4588471155508295,0.6188858554879129,0.5527277646284322,0.6873242648147538,0.5513139424701865,0.6680772492481294,0.6205281973092066,0.3309638955033304,0.46350050058894765,0.4619469401476647,0.6715724083045739,0.16491685490139227,0.5750975675819726,0.7022715132945598,0.591529348201976,0.6007489617134697,0.6608419239315083,0.527843496911099,0.32906528124759205,0.58404828602771
Orf34,0.31135590920551226,0.5747099616694078,0.2538448688155445,0.7427278261289703,0.6958518719660166,0.612434020773847,0.5265600419607726,0.6614681078938083,0.5998794198647833,0.8057438535868932,0.675233844204667,0.7864302084224922,0.8350050479233543,0.3348174068316586,0.713916133787368,0.3142878292143799,0.6584042036614012,0.8185928229666962,0.6322970568130806,0.764103316084966,0.6127823447844113,0.605588797862901,0.5880368912125838,0.759736726461171,0.6896386519274146,1.0,0.37956415018949397,0.7427421357996272,0.4666706406164562,0.6333310789958256,0.561511585851986,0.7151271498728384,0.7207738790513991,0.6940547787878967,0.6159463756231502,0.345018914594419,0.6627680289545524,0.7194914664592335,0.5536178463272606,0.5992398515370571,0.49113072003314123,0.41300698646943035,0.34534822028988654,0.28457583238820827,0.5775466377993328,0.7363458250796497,0.5987317062142637,0.7140910996718672,0.547468036845332,0.6478631040855373,0.6023905857498755,0.31397007043133274,0.456023970676956,0.5473703769399275,0.7066414767808492,0.03720510729408744,0.5329623270634192,0.8073919979386681,0.5146004799919311,0.7200981324324628,0.6966093775491302,0.6058977960347534,0.26831710931058483,0.6729771404198472
Orf36,0.07334476775852135,0.2531868948224181,0.13394688710827982,0.36430260146351084,0.4883115213771754,0.4618748560563292,0.305230724479871,0.3663991034558076,0.2342757533014437,0.3752110798764345,0.28114149886673784,0.2118533896406067,0.43559189612920063,0.0149648547526596,0.1513226603313674,0.15924635134127707,0.12997358160885406,0.21966413124567097,0.15520365987779408,0.2775892620834102,0.28903758584419903,0.3332029211415799,0.1887338787961298,0.5374295913579009,0.30073371743926336,0.37956415018949397,1.0,0.42653554706305025,0.37558880570899544,0.05805259307420928,0.0022564473970298473,0.1609658104216962,0.2388784071849343,0.3050493828311175,0.3178607308348675,0.012938254814882809,0.23722264481651456,0.21980424822119754,0.02986090950255565,0.28980479886763044,0.1757316596139742,-0.22529694468581934,0.021744482285288205,-0.04428457445670117,0.28596098259769165,0.3038629763457624,0.17967002275293376,0.319296867617425,0.2683249346647998,0.29646737701519166,0.15342239474860972,-0.11930109485826217,0.2579007960104233,0.1613177799375351,0.32029110054671356,-0.15054403300931274,0.1948436605611487,0.08405602408285168,0.5468780613259406,0.22059698100566622,0.2814904901785484,0.08300171577834052,-0.08919616212722634,0.2625609116063907
Orf37,0.2202666910436954,0.5875211822279627,0.3117787878694573,0.8271961974243237,0.7269161110800655,0.6662424788307875,0.534771831774862,0.7922983302723777,0.6406827583275421,0.7351965528800963,0.7764500021824934,0.6427738951960688,0.7355277830464207,0.17759018846248392,0.5515377794862136,0.2709505734702083,0.5347016509881166,0.6605470040494338,0.5652478211676607,0.6284262847174241,0.48971298734225904,0.6585449820378041,0.5945804883634463,0.6287118913162474,0.6755074238598862,0.7427421357996272,0.42653554706305025,1.0,0.5993235764400866,0.6285903160871007,0.46058050438841835,0.621900727256485,0.6747362980981896,0.6611249097005001,0.7764180697714503,0.3772460017481408,0.6568840875753299,0.7016114999033229,0.49400517007873634,0.5957233815359682,0.3768339247908632,0.34005695199498753,0.3866125723021217,0.34458230213736624,0.5551929741878077,0.7668404923061595,0.6161615189752094,0.7382194209813504,0.6814881988461186,0.7390612462394403,0.5976256701708352,0.36521047517083055,0.5410747679086438,0.5789233620166678,0.5834153797196228,0.005176028212118104,0.6338667470807178,0.6440294863629747,0.6360116024216352,0.6983588604859237,0.6935363529755704,0.5637063056164526,0.31917161141642203,0.7149732191439263
Orf39,-0.10439810325133256,0.4105250489603996,0.25573385160392026,0.6087185781236756,0.6057039275604015,0.6032903246052158,0.4318916190235375,0.6009425206297825,0.3699206065727547,0.6766168868684754,0.5419084723886609,0.608438244624015,0.6085665924732604,0.028823759942039177,0.5493500739402969,0.2908731352794657,0.4826156147773262,0.5561516946958047,0.6475550918334876,0.5992626716511417,0.5729124013201693,0.680611190312064,0.7441643583104635,0.5859868309015407,0.7242367451836353,0.4666706406164562,0.37558880570899544,0.5993235764400866,1.0,0.43172714274948815,0.4725109768071343,0.5964043068543687,0.5559058287301158,0.6134362010962204,0.5785649826896131,0.2755974090484396,0.4182626125300835,0.4768300257380383,0.3473398524632991,0.48152712927669744,0.4821010524907869,0.28700773146871605,0.30412907715186277,0.3132728840392785,0.39469581114740593,0.554215064177063,0.4352710483907143,0.5427610197274946,0.5354995155969585,0.5653656081868335,0.5477673051223194,0.31130015778182035,0.49500855885199674,0.4287467962510574,0.44902971567244043,0.0853560165558945,0.41825731546431955,0.4487206075449239,0.6851198462738788,0.5254288855363468,0.4809222119234798,0.4301042961157855,0.3167656087861513,0.541710831307419
Orf4,0.3408315141995608,0.6596272023327348,0.30550215169905237,0.7148263493240596,0.4584714448503522,0.48037972486719027,0.566657226771489,0.7310525561319539,0.6781982234717793,0.7413507670721825,0.6877704460741797,0.7053092748499972,0.5899739867187143,0.36748991788681473,0.7028753599073513,0.027957149630950376,0.5158084840672121,0.7250157156037248,0.5099234065627624,0.5685067227830836,0.39088828839583606,0.6827025375920075,0.5991801721098808,0.4651163194897848,0.5833164034773052,0.6333310789958256,0.05805259307420928,0.6285903160871007,0.43172714274948815,1.0,0.727249169602673,0.5694702549548822,0.6563344519064062,0.6543872409949263,0.7347438368075684,0.30198542195085,0.5466480652444454,0.6254113530918453,0.6363544568576518,0.4936198772702927,0.3952749874840695,0.5247229722200043,0.37975351443202854,0.3922715503643782,0.474937221264003,0.62464191441135,0.47534231369032987,0.7402261622548355,0.4838266651409359,0.5732854393373571,0.5729257153204116,0.4406556276971523,0.37628228996160507,0.5354507219815889,0.5424080391206884,0.16811777884977805,0.6029605704856633,0.80182383616826,0.3416061099560058,0.808616976433681,0.7481344722067761,0.4783427233440735,0.39820032341075845,0.560197165394747
Orf40,0.21911374339171585,0.6877145372894846,0.4017026989284283,0.5749435622006456,0.4147369637152504,0.3376003440336984,0.48606602831669443,0.5564880910242888,0.6208458591556516,0.5788376697720379,0.576479371924118,0.7260351243229197,0.5271273428096875,0.21653587987168169,0.6280773490170809,0.2370868536502879,0.5173308912607669,0.6366285024987882,0.6540612238030453,0.5963316917099973,0.3757910537985733,0.588773253654776,0.7089668580812152,0.4936348699045522,0.6836919087209617,0.561511585851986,0.0022564473970298473,0.46058050438841835,0.4725109768071343,0.727249169602673,1.0,0.6356077688259351,0.7231778209950492,0.7974828264527465,0.5724252935372426,0.42242812697561144,0.386451615153113,0.5069868679137577,0.549985616299545,0.49506645788102904,0.4825905340260269,0.6050868851967781,0.39461431827048815,0.46636358979747217,0.49744476472644056,0.5476127421660062,0.470684710452564,0.5673029001399698,0.5693982763194054,0.6367247684282952,0.6048620666976579,0.5400835357164849,0.4572966783725302,0.5837544145053467,0.6693423250086061,0.46420176871118557,0.6481424183480052,0.7075320010382986,0.3180495017741302,0.5704289402628381,0.5249498121484927,0.6233509596978636,0.4688129369419649,0.5092284493445853
Orf42,0.20937484678341736,0.7033660750278808,0.5399229454498067,0.6644374446631799,0.5439934283492243,0.4899893144084371,0.3920477031297556,0.5690646894889453,0.673766708790938,0.7130397282164957,0.6435451552257951,0.7869568825600761,0.6882965502705013,0.2242211144821217,0.627400644597501,0.20452326231858264,0.6309363722952979,0.7810733620868734,0.6476900865979104,0.6408920414905115,0.6238034084330323,0.5947705463045496,0.6551079508923029,0.6396199159092985,0.6611920782579849,0.7151271498728384,0.1609658104216962,0.621900727256485,0.5964043068543687,0.5694702549548822,0.6356077688259351,1.0,0.8099362910097772,0.8356221551321296,0.6856277847009504,0.6425772148456899,0.7367760725981942,0.733762149196366,0.6335778562069572,0.7105603914592908,0.7211198171608066,0.6551170872281673,0.5878762244992893,0.5925605081723365,0.6473847349521467,0.6963976906258785,0.6515274153282499,0.6279403278782258,0.5871903981963256,0.8095633315498064,0.7251740189521527,0.5807321597125994,0.7142739925218579,0.7398347777132867,0.6410987416056171,0.3676348259309584,0.6639589419433453,0.6675210130772019,0.45211346479900094,0.5972439138219438,0.5322892678308272,0.8310287882306812,0.5886743670112177,0.778850755594864
